001021733373845
002030414202535
003030913182431
004141721253137
005030813203036
006020619213539
007071025272940
008030913182431
009030517223031
010061516192730
011283134373841
012131617293137
013020409192126
014111217333436
015132124252944
016081721233640
017103639434445
018040610151644
019082021313439
020091324353641
021111520242745
022060812131519
023071316183132
024060910182031
025021114232532
026040506233134
027071017202532
028051215303741
029081419293040
030012028324244
031030617213240
032062030384045
033162327343538
034050619314244
035242527344445
036021520323344
037020815161925
038030709182839
039052131333842
040021315171841
041161730323438
042020512212240
043010816182128
044101113141638
045071225284044
046030508101322
047051322242832
048041516202641
049021014242530
050101722233036
051112325343645
052010917284344
053111216242631
054092333384142
055022223242837
056030425313740
057121617182230
058061517202341
059172633343742
060030513273844
061132327283245
062111215172126
063020304052224
064050612162630
065050833343944
066030730324143
067030612141840
068011724253743
069051220293436
070022225333843
071072327293537
072091824333639
073041925272931
074223034364345
075121829323945
076020821293745
077122429323739
078052527293143
079112226283543
080011131323437
081012021222629
082060914182830
083051321272945
084021011182233
085081731323339
086011126293440
087152629323438
088020610132028
089040612212328
090041619272930
091121525273741
092011724253335
093010308182842
094020419234445
095071116193839
096030426303544
097020413222341
098182124263945
099051114203242
100040921273844
101061130323542
102030910313240
103071224434445
104010206123136
105010924283336
106101430323742
107061223252943
108040524262837
109010405112030
110030507122733
111131420212333
112040516173240
113050821252637
114020308131941
115040510333638
116060718293244
117192032333844
118070815303239
119131722303143
120141617203539
121020911121523
122020608111225
123031920212545
124040912323643
125010728324445
126071721294044
127012735424345
128131517212540
129070811182342
130010818283033
131111417222742
132082025273033
133060825394045
134020717243144
135071316303744
136051316323941
137010923323435
138050613293544
139071519243242
140050611143233
141050815253135
142061017212738
143020812141626
144092629303537
145091021374042
146031433384244
147020621283940
148010710384042
149010507161944
150010416313740
151041922303435
152010914182528
153050914152642
154021319242533
155021027293739
156040713203544
157050609151932
158070913212839
159092627304044
160010409263539
161081724354144
162071017262843
163031213232637
164020910112143
165010306071618
166061115192241
167010306071618
168061115192241
169030418223437
170051518213745
171062527344243
172020712274044
173030716323639
174050811283541
175091013192341
176050626283543
177052024323642
178021517324144
179012223353642
180030819353840
181032435374043
182061115163740
183050713172333
184051621313741
185041011313639
186101933343545
187232830353742
188082327363743
189040509193744
190040618203045
191081624273539
192041114151926
193101320212536
194020914213540
195162432363740
196021825333642
197081416173142
198121723253438
199041013212238
200010528314445
201041225394244
202071720222944
203031738394144
204011823244041
205010419212435
206222637404244
207010915273343
208111318193145
209142030334143
210050609232735
211142432343645
212041217192334
213232619373841
214101930353945
215080915182730
216030729313443
217021115324044
218273639434445
219040719243238
220131417242843
221040716274041
222030825374042
223091317222632
224010509143031
225091319212730
226020817202939
227031314263034
228081419303335
229193034384244
230040611132431
231061821223745
232040817232734
233010610293241
234091012222741
235020427283136
236011011243237
237050624334245
238010918283644
239122627333637
240040709103040
241020714284245
242010513274045
243050718263036
244021014192337
245051927324145
246123132343543
247010514163638
248182324262933
249051619232937
250081012293042